#    [1]	[2][1]	[3][1]	[4][1]	[5][1]
60  9.23    9.69    9.99    10.17   10.26   9.320871895	9.840510503 10.12461068	10.32081503 10.46407683
120 10.27   10.85   11.13   11.35   11.42   10.3203076	10.89566475 11.21022772	11.4274702  11.58609333
180 10.91   11.49   11.85   12.12   12.29   10.90508198	11.5130403  11.8454272	12.07497918 12.24259029
240 11.2    11.9    12.4    12.4    12.65   11.32002542	11.95111684 12.29615121	12.53443775 12.70842654
300 11.57   12.28   12.61   12.93   13.04   11.64189708	12.29093284 12.64577787	12.8908398  13.06977576
360 12	12.54	12.96	13.23	13.38	11.90489386 12.56859169	12.93145286 13.18205087	13.36502909
420 12.13   12.81   13.18   13.39   13.66   12.12725941	12.80335412 13.17299298	13.4282718  13.61466777
480 12.3    13.04   13.41   13.69   13.79   12.31988433	13.00671788 13.38222795	13.64156152 13.83091814
540 12.52   13.2    13.69   13.93   14.13   12.48979365	13.18609965 13.56678856	13.82969871 14.02166684
600 12.68   13.45   13.79   13.97   14.25   12.6417842	13.34656367 13.73188525	13.99799481 14.19229904

